ship 0.248000 0.045000 0.036000 0.018000
ship 0.509000 0.063000 0.038000 0.022000
ship 0.278000 0.273000 0.036000 0.018000
ship 0.043000 0.309000 0.054000 0.018000
ship 0.187000 0.476000 0.026000 0.020000
ship 0.273000 0.654000 0.058000 0.020000
ship 0.110000 0.864000 0.044000 0.020000
ship 0.414000 0.855000 0.032000 0.018000
ship 0.466000 0.430000 0.060000 0.020000
ship 0.598000 0.281000 0.032000 0.018000
ship 0.723000 0.464000 0.034000 0.020000
ship 0.623000 0.698000 0.050000 0.020000
ship 0.668000 0.893000 0.032000 0.022000
ship 0.969000 0.607000 0.038000 0.010000
