ship 0.706000 0.214000 0.060000 0.044000
ship 0.735000 0.107000 0.050000 0.054000
ship 0.122000 0.223000 0.024000 0.070000
ship 0.050000 0.406000 0.052000 0.048000
ship 0.323000 0.801000 0.054000 0.034000
ship 0.583000 0.800000 0.042000 0.056000
ship 0.451000 0.899000 0.026000 0.062000
ship 0.665000 0.894000 0.026000 0.052000
ship 0.896000 0.979000 0.024000 0.034000
ship 0.417000 0.713000 0.046000 0.026000
ship 0.859000 0.816000 0.018000 0.044000
ship 0.872000 0.733000 0.020000 0.042000
ship 0.944000 0.844000 0.016000 0.032000
ship 0.835000 0.917000 0.022000 0.034000
ship 0.987000 0.913000 0.018000 0.026000
