ship 0.060000 0.307000 0.044000 0.030000
ship 0.062000 0.414000 0.036000 0.024000
ship 0.034000 0.519000 0.036000 0.022000
ship 0.169000 0.602000 0.050000 0.020000
ship 0.061000 0.726000 0.042000 0.024000
ship 0.200000 0.696000 0.036000 0.020000
ship 0.252000 0.426000 0.052000 0.016000
ship 0.375000 0.488000 0.058000 0.028000
ship 0.547000 0.531000 0.030000 0.026000
ship 0.395000 0.638000 0.030000 0.016000
ship 0.689000 0.591000 0.054000 0.026000
ship 0.636000 0.748000 0.052000 0.016000
ship 0.548000 0.953000 0.048000 0.018000
ship 0.855000 0.676000 0.066000 0.020000
ship 0.810000 0.923000 0.052000 0.022000
