ship 0.177000 0.126000 0.058000 0.024000
ship 0.099000 0.303000 0.050000 0.022000
ship 0.128000 0.395000 0.036000 0.022000
ship 0.301000 0.191000 0.050000 0.026000
ship 0.474000 0.230000 0.032000 0.020000
ship 0.324000 0.340000 0.028000 0.016000
ship 0.616000 0.289000 0.060000 0.022000
ship 0.561000 0.447000 0.050000 0.018000
ship 0.235000 0.742000 0.030000 0.044000
ship 0.782000 0.374000 0.076000 0.020000
ship 0.480000 0.654000 0.052000 0.020000
ship 0.741000 0.623000 0.050000 0.018000
ship 0.789000 0.870000 0.050000 0.020000
ship 0.950000 0.370000 0.040000 0.020000
