ship 0.239000 0.523000 0.066000 0.034000
ship 0.242000 0.693000 0.068000 0.034000
ship 0.412000 0.862000 0.084000 0.044000
ship 0.686000 0.838000 0.076000 0.032000
ship 0.584000 0.778000 0.060000 0.044000
ship 0.778000 0.633000 0.060000 0.026000
ship 0.593000 0.573000 0.070000 0.034000
ship 0.062000 0.636000 0.060000 0.028000
ship 0.752000 0.393000 0.040000 0.026000
ship 0.130000 0.470000 0.044000 0.020000
ship 0.052000 0.504000 0.032000 0.024000
ship 0.161000 0.401000 0.026000 0.030000
ship 0.089000 0.298000 0.030000 0.032000
ship 0.089000 0.395000 0.030000 0.030000
ship 0.347000 0.263000 0.026000 0.030000
ship 0.432000 0.449000 0.032000 0.034000
ship 0.665000 0.413000 0.026000 0.034000
ship 0.352000 0.354000 0.024000 0.028000
ship 0.577000 0.423000 0.022000 0.030000
ship 0.254000 0.337000 0.024000 0.030000
ship 0.149000 0.117000 0.038000 0.018000
