ship 0.121000 0.145000 0.062000 0.022000
ship 0.309000 0.042000 0.074000 0.028000
ship 0.372000 0.224000 0.080000 0.028000
ship 0.143000 0.281000 0.066000 0.026000
ship 0.840000 0.216000 0.076000 0.060000
ship 0.455000 0.405000 0.070000 0.042000
ship 0.168000 0.523000 0.060000 0.074000
ship 0.223000 0.586000 0.078000 0.040000
ship 0.055000 0.524000 0.050000 0.032000
ship 0.269000 0.758000 0.070000 0.056000
ship 0.067000 0.883000 0.098000 0.066000
ship 0.605000 0.537000 0.062000 0.046000
ship 0.393000 0.626000 0.082000 0.040000
ship 0.824000 0.712000 0.088000 0.072000
ship 0.725000 0.915000 0.074000 0.058000
ship 0.570000 0.878000 0.056000 0.052000
ship 0.406000 0.912000 0.068000 0.048000
ship 0.660000 0.354000 0.036000 0.032000
ship 0.693000 0.495000 0.014000 0.042000
ship 0.503000 0.152000 0.038000 0.020000
