ship 0.058000 0.473000 0.044000 0.046000
ship 0.247000 0.450000 0.038000 0.044000
ship 0.315000 0.573000 0.054000 0.026000
ship 0.410000 0.465000 0.048000 0.030000
ship 0.515000 0.359000 0.046000 0.022000
ship 0.577000 0.449000 0.046000 0.034000
ship 0.520000 0.595000 0.040000 0.030000
ship 0.922000 0.504000 0.044000 0.036000
ship 0.824000 0.574000 0.032000 0.048000
ship 0.783000 0.738000 0.034000 0.044000
ship 0.928000 0.740000 0.024000 0.044000
ship 0.987000 0.606000 0.026000 0.044000
ship 0.984000 0.929000 0.024000 0.026000
