ship 0.315000 0.295000 0.022000 0.026000
ship 0.566000 0.596000 0.056000 0.032000
ship 0.604000 0.486000 0.044000 0.028000
ship 0.571000 0.354000 0.046000 0.028000
ship 0.446000 0.359000 0.032000 0.026000
ship 0.452000 0.485000 0.044000 0.034000
ship 0.315000 0.528000 0.026000 0.048000
ship 0.196000 0.557000 0.048000 0.034000
ship 0.095000 0.625000 0.034000 0.042000
ship 0.058000 0.790000 0.028000 0.044000
ship 0.201000 0.789000 0.018000 0.046000
ship 0.272000 0.654000 0.032000 0.040000
ship 0.416000 0.604000 0.040000 0.048000
ship 0.363000 0.736000 0.030000 0.044000
ship 0.340000 0.847000 0.024000 0.054000
ship 0.747000 0.197000 0.046000 0.022000
ship 0.868000 0.153000 0.040000 0.018000
ship 0.886000 0.305000 0.036000 0.038000
ship 0.761000 0.350000 0.050000 0.020000
ship 0.525000 0.707000 0.038000 0.054000
ship 0.484000 0.845000 0.020000 0.058000
ship 0.258000 0.982000 0.040000 0.024000
ship 0.411000 0.123000 0.018000 0.026000
ship 0.592000 0.125000 0.024000 0.018000
ship 0.296000 0.185000 0.020000 0.022000
ship 0.373000 0.213000 0.022000 0.018000
ship 0.522000 0.230000 0.024000 0.020000
