ship 0.041000 0.064000 0.054000 0.068000
ship 0.196000 0.074000 0.028000 0.072000
ship 0.120000 0.254000 0.056000 0.040000
ship 0.779000 0.059000 0.066000 0.046000
ship 0.488000 0.563000 0.048000 0.038000
ship 0.393000 0.649000 0.066000 0.034000
ship 0.654000 0.651000 0.032000 0.066000
ship 0.526000 0.754000 0.020000 0.068000
ship 0.742000 0.747000 0.032000 0.054000
ship 0.971000 0.840000 0.038000 0.068000
ship 0.535000 0.223000 0.026000 0.030000
ship 0.153000 0.501000 0.022000 0.014000
ship 0.829000 0.856000 0.026000 0.032000
ship 0.907000 0.767000 0.026000 0.038000
ship 0.934000 0.663000 0.012000 0.030000
ship 0.943000 0.587000 0.022000 0.034000
