ship 0.375000 0.575000 0.082000 0.062000
ship 0.311000 0.390000 0.086000 0.032000
ship 0.149000 0.550000 0.082000 0.044000
ship 0.248000 0.229000 0.068000 0.026000
ship 0.481000 0.190000 0.062000 0.040000
ship 0.279000 0.079000 0.058000 0.034000
ship 0.092000 0.203000 0.064000 0.034000
ship 0.083000 0.090000 0.046000 0.024000
ship 0.621000 0.090000 0.058000 0.028000
ship 0.658000 0.271000 0.064000 0.038000
ship 0.949000 0.042000 0.058000 0.028000
ship 0.845000 0.123000 0.062000 0.026000
ship 0.839000 0.450000 0.066000 0.040000
ship 0.024000 0.367000 0.044000 0.026000
ship 0.542000 0.415000 0.072000 0.038000
ship 0.825000 0.333000 0.050000 0.042000
ship 0.406000 0.068000 0.044000 0.024000
