ship 0.863000 0.362000 0.098000 0.040000
ship 0.691000 0.521000 0.094000 0.042000
ship 0.705000 0.260000 0.050000 0.032000
ship 0.396000 0.161000 0.036000 0.034000
ship 0.542000 0.078000 0.048000 0.036000
ship 0.727000 0.093000 0.018000 0.030000
ship 0.440000 0.052000 0.028000 0.040000
ship 0.459000 0.150000 0.034000 0.028000
ship 0.476000 0.230000 0.040000 0.028000
ship 0.586000 0.168000 0.032000 0.020000
ship 0.654000 0.015000 0.032000 0.026000
ship 0.785000 0.055000 0.026000 0.038000
ship 0.659000 0.109000 0.026000 0.026000
