ship 0.758000 0.144000 0.072000 0.032000
ship 0.942000 0.072000 0.072000 0.028000
ship 0.772000 0.366000 0.072000 0.024000
ship 0.962000 0.299000 0.060000 0.062000
ship 0.491000 0.384000 0.066000 0.040000
ship 0.540000 0.579000 0.072000 0.030000
ship 0.315000 0.576000 0.070000 0.048000
ship 0.304000 0.391000 0.056000 0.030000
ship 0.479000 0.742000 0.070000 0.048000
ship 0.256000 0.756000 0.056000 0.068000
ship 0.107000 0.642000 0.050000 0.064000
ship 0.040000 0.832000 0.052000 0.068000
ship 0.174000 0.952000 0.044000 0.064000
ship 0.104000 0.283000 0.036000 0.034000
ship 0.522000 0.028000 0.028000 0.024000
ship 0.412000 0.193000 0.024000 0.022000
ship 0.249000 0.035000 0.022000 0.022000
ship 0.191000 0.163000 0.022000 0.022000
ship 0.074000 0.121000 0.016000 0.022000
ship 0.417000 0.910000 0.046000 0.088000
