000001
000003
000007
000013
000014
000015
000016
000019
000021
000022
000023
000024
000025
000027
000029
000030
000031
000032
000034
000035
000037
000039
000041
000042
000043
000044
000049
000052
000053
000054
000057
000058
000060
000061
000062
000063
000064
000065
000072
000073
000074
000076
000077
000080
000083
000084
000087
000088
000092
000093
000094
000095
000096
000098
000099
000100
000101
000102
000103
000104
000106
000107
000108
000109
000110
000111
000112
000117
000119
000120
000121
000123
000126
000128
000130
000133
000134
000135
000137
000138
000139
000140
000142
000145
000146
000147
000148
000149
000150
000151
000155
000157
000158
000159
000160
000162
000164
000165
000167
000168
000169
000171
000172
000175
000176
000177
000178
000179
000180
000183
000184
000185
000186
000188
000190
000192
000195
000199
000200
000201
000202
000204
000205
000206
000207
000208
000211
000213
000215
000216
000217
000218
000219
000220
000221
000222
000225
000226
000228
000229
000230
000231
000232
000233
000235
000237
000238
000240
000241
000243
000244
000245
000246
000248
000250
000251
000252
000254
000255
000257
000259
000261
000262
000265
000266
000269
000270
000273
000274
000275
000277
000278
000279
000280
000282
000285
000286
000287
000288
000289
000292
000293
000297
000298
000299
000300
000301
000302
000304
000305
000306
000307
000308
000311
000313
000314
000316
000318
000321
000322
000323
000324
000325
000327
000328
000331
000332
000333
000334
000336
000338
000339
000340
000341
000342
000343
000344
000345
000346
000348
000355
000357
000358
000359
000360
000364
000365
000366
000367
000369
000370
000373
000374
000378
000379
000383
000387
000388
000389
000390
000392
000393
000394
000400
000402
000403
000406
000407
000408
000409
000411
000412
000413
000415
000416
000418
000419
000420
000422
000423
000424
000426
000429
000430
000431
000432
000434
000435
000436
000437
000440
000441
000442
000444
000445
000447
000449
000452
000456
000458
000460
000463
000464
000467
000468
000470
000471
000472
000473
000476
000479
000480
000481
000482
000484
000486
000487
000488
000490
000492
000493
000494
000497
000498
000500
000501
000503
000508
000509
000510
000511
000512
000513
000516
000518
000519
000520
000522
000523
000524
000525
000526
000527
000529
000530
000532
000534
000535
000537
000538
000539
000540
000543
000544
000545
000547
000548
000549
000551
000552
000553
000554
000555
000556
000557
000560
000561
000562
000563
000566
000568
000569
000570
000571
000572
000573
000574
000575
000577
000578
000579
000580
000581
000582
000583
000584
000587
000590
000592
000594
000595
000597
000598
000600
000601
000602
000604
000606
000607
000608
000609
000610
000612
000614
000616
000618
000621
000622
000623
000626
000627
000630
000631
000632
000633
000634
000635
000636
000637
000638
000639
000640
000642
000645
000647
000650
000651
000652
000653
000654
000655
000656
000657
000660
000661
000662
000664
000666
000667
000668
000670
000671
000672
000674
000678
000679
000680
000684
000685
000688
000689
000691
000694
000695
000696
000697
000698
000699
000700
000702
000703
000704
000706
000708
000710
000711
000712
000713
000715
000716
000718
000719
000723
000726
000727
000729
000730
000731
000735
000736
000738
000739
000744
000745
000746
000747
000751
000752
000754
000757
000759
000760
000761
000763
000764
000765
000766
000771
000773
000776
000777
000782
000785
000786
000787
000788
000789
000790
000791
000794
000795
000796
000797
000799
000800
000801
000808
000809
000811
000813
000814
000815
000816
000818
000820
000822
000825
000828
000829
000830
000832
000833
000834
000835
000836
000837
000838
000841
000843
000844
000846
000849
000850
000851
000852
000855
000856
000857
000858
000860
000861
000866
000874
000875
000877
000879
000881
000882
000883
000885
000891
000894
000895
000896
000898
000899
000902
000903
000906
000909
000910
000914
000918
000920
000921
000924
000925
000927
000928
000929
000932
000936
000939
000941
000942
000943
000944
000948
000949
000950
000951
000952
000954
000955
000957
000958
000959
000961
000962
000964
000965
000966
000969
000970
000971
000973
000974
000976
000977
000980
000983
000984
000987
000988
000989
000990
000991
000992
000993
000995
000996
000997
000998
001002
001005
001006
001008
001009
001010
001011
001014
001015
001016
001017
001018
001019
001023
001024
001025
001026
001027
001029
001031
001032
001033
001034
001036
001037
001038
001039
001041
001044
001045
001048
001050
001051
001053
001055
001056
001059
001061
001062
001063
001065
001067
001068
001070
001072
001075
001078
001080
001081
001082
001086
001089
001090
001093
001094
001096
001098
001099
001100
001104
001106
001108
001111
001115
001116
001118
001119
001122
001124
001127
001128
001129
001131
001132
001133
001134
001136
001137
001139
001142
001144
001146
001147
001150
001151
001152
001153
001154
001155
001157
001158
001159
001160
001163
001164
001165
001166
001167
001169
001172
001175
001176
001178
001179
001181
001182
001183
001184
001190
001191
001193
001194
001196
001197
001199
001200
001201
001202
001206
001209
001211
001212
001213
001215
001216
001217
001218
001219
001222
001223
001225
001226
001228
001229
001231
001234
001236
001237
001238
001239
001240
001243
001244
001247
001251
001252
001254
001255
001256
001257
001258
001259
001262
001263
001265
001267
001268
001272
001273
001277
001279
001280
